10 10 
-1.640402 -5.478242 -16.50623 -2.851882 25.39518 10.91568 -6.210754 -3.482581 -4.099883 0.410204 
-5.632221 -2.139381 -11.30587 -3.062916 8.768561 1.975464 -16.72509 -13.88677 -4.059001 -2.142138 
13.97379 -7.829836 -12.34088 -3.236278 9.353941 9.477153 -6.800708 0.5971633 -3.537299 5.811567 
-8.212003 -4.976396 5.729933 10.06453 -3.282156 9.191777 17.88383 -9.103034 14.47483 -7.223919 
-6.741276 -4.45558 9.262509 1.242384 -14.58363 -0.2255992 -2.144255 -16.50996 7.53273 -0.9106855 
20.40119 -8.174542 10.49072 -1.095246 10.14309 -10.60743 14.0675 19.91439 2.764263 -1.480837 
8.975912 -11.61141 -1.530304 -8.836429 -12.68876 -8.164594 2.164744 -8.424021 10.44358 3.843531 
-18.49533 4.326283 -1.627018 9.051512 12.3585 9.254749 -1.896427 -3.664282 0.4230784 10.29138 
-8.59651 17.98416 15.17998 6.155708 5.566051 1.64562 -5.343754 -8.250988 3.40791 1.553173 
3.299698 -1.70398 16.86001 7.180712 15.19837 -4.86991 -5.421148 -10.43032 -0.6950793 -9.583023 
