10 10 
0.7145624 12.09824 -19.4819 7.737124 -21.25184 5.941695 24.97568 4.834715 1.546289 -8.807407 
-18.90654 -9.417388 3.307466 4.055252 -3.906473 7.676215 2.058787 -1.040036 4.488633 0.5727018 
7.269088 17.78921 0.8614363 -15.09621 16.78703 7.940543 -19.49783 15.26335 4.134459 10.07612 
10.51404 -2.774813 7.444804 -21.46247 5.475807 21.64492 1.849666 -19.50242 17.66588 -6.647264 
15.38922 5.56383 11.8459 -0.04031034 -2.634512 -4.728913 -1.344337 15.83788 3.852687 10.966 
-2.458891 -12.14443 -17.68151 -4.839175 -15.28652 0.108319 -0.2796804 13.38723 -0.1862665 -9.516416 
13.75474 -14.69773 -17.18708 2.092061 13.03425 -15.81382 -11.80821 6.215527 13.11885 9.236868 
1.054902 -1.622585 7.396544 -6.583415 -5.618472 -9.310456 -11.32659 -20.58535 1.980716 4.776767 
-23.54228 5.920444 -28.04317 -4.264544 -5.399525 10.06778 -2.289352 -6.00877 -10.17485 -11.58537 
-2.972039 -8.923962 -11.83936 0.6970081 -13.62763 13.65083 10.10392 -30.03269 -8.6758 1.351466 
